AM    254     127     222    2.137   2.137   8.0
AF    299     137     348    1.775   1.775   4.84
00m   345     211     716    0.663   0.663   0.663
00f   345     211     716    0.663   0.663   0.663
01m   393     248     546    0.663   0.663   1.4
01f   393     248     546    0.663   0.663   1.4
05m   419     230     572    0.850   0.850   1.928
05f   419     230     572    0.850   0.850   1.928
10m   419     226     576    0.990   0.990   2.425
10f   419     226     576    0.990   0.990   2.425
15m   407     225     586    1.250   1.250   2.832
15f   401     236     571    1.200   1.200   2.828
